## fpopp-s7
/home/gotham/tmp/plugrl/e42/fpopp-s7/ck/fpo/pi0-policy/fpopp-s7/tensorboard/events.out.tfevents.1790620498.e88d1a355314.38818.0
  rollout/success                      0.6316 0.5106 0.6591 0.6444 0.6383 0.6889 0.6591 0.6809 0.8043 0.7143
  rollout/reward                       0.6316 0.5106 0.6591 0.6444 0.6383 0.6889 0.6591 0.6809 0.8043 0.7143
  rollout/length                       450.6 467.2 445 452.7 455 446.8 459.4 441.8 420.8 439
  fpo/policy_ratio_mean                1 0.9931 0.9933 0.9935 0.9928 0.9949 0.9931 0.9936 1.001 0.9914
  fpo/clipped_ratio_mean               0 0.3133 0.2995 0.3323 0.341 0.321 0.3165 0.3302 0.3437 0.3193
  fpo/initial_cfm_loss_mean            0.107 0.1173 0.1238 0.1195 0.1252 0.1312 0.1344 0.1334 0.1193 0.1371
  fpo/cfm_loss_mean                    0.107 0.1261 0.1338 0.1303 0.1373 0.1421 0.148 0.1498 0.1288 0.1561
## fpopp-s8
/home/gotham/tmp/plugrl/e42/fpopp-s8/ck/fpo/pi0-policy/fpopp-s8/tensorboard/events.out.tfevents.1790620559.e88d1a355314.39536.0
  rollout/success                      0.6 0.6222 0.6136 0.5682 0.6087 0.5714 0.4545 0.6304 0.5476 0.4651
  rollout/reward                       0.6 0.6222 0.6136 0.5682 0.6087 0.5714 0.4545 0.6304 0.5476 0.4651
  rollout/length                       455.3 460.6 450.4 459.6 465.1 459 473.8 451.7 466.6 470
  fpo/policy_ratio_mean                1 0.9939 0.9922 0.9923 0.9942 0.9932 0.9904 0.9887 0.9918 0.9996
  fpo/clipped_ratio_mean               0 0.295 0.3222 0.3205 0.3211 0.3216 0.3693 0.3673 0.3776 0.4265
  fpo/initial_cfm_loss_mean            0.1067 0.1117 0.1198 0.1201 0.125 0.1308 0.1485 0.1522 0.194 0.2233
  fpo/cfm_loss_mean                    0.1067 0.1195 0.1307 0.1304 0.1339 0.1412 0.1625 0.1689 0.2082 0.2317
