167 two-dimensional tensors
                                                            top-1 share        top-8 share       effective rank
                                                          FPO      flip      FPO      flip       FPO       flip
actor.action_in_proj.weight        x1      (1024, 32)    0.160    0.0604    0.590    0.3805      22.0       29.9
actor.action_out_proj.weight       x1      (32, 1024)    0.282    0.0664    0.697    0.4156      15.8       29.3
actor.paligemma_with_expert.gemma_ x1    (3072, 1024)    0.712    0.0089    0.982    0.0629       3.0      526.3
actor.time_mlp_in.weight           x1    (1024, 1024)    0.497    0.0645    0.987    0.2290       4.2      286.8
actor.time_mlp_out.weight          x1    (1024, 1024)    0.591    0.0577    0.986    0.1886       3.2      275.1
dense                              x36   (3072, 1024)    0.659    0.0053    0.974    0.0367       3.6      713.1
down_proj                          x18   (1024, 4096)    0.249    0.0038    0.563    0.0266      49.8      825.9
gate_proj                          x18   (4096, 1024)    0.240    0.0031    0.547    0.0223      47.4      861.5
k_proj                             x18    (256, 1024)    0.364    0.0134    0.769    0.0914      16.2      207.6
o_proj                             x18   (1024, 2048)    0.326    0.0052    0.718    0.0354      22.5      701.2
q_proj                             x18   (2048, 1024)    0.379    0.0046    0.694    0.0329      22.9      724.4
up_proj                            x18   (4096, 1024)    0.273    0.0033    0.584    0.0236      40.0      852.5
v_proj                             x18    (256, 1024)    0.422    0.0172    0.808    0.1053      12.9      200.2
